1: 1[2  3  4  5  6] 2[1  6  5  3] 3[1  2  5  4] 4[1  3  5] 5[1  4  3  2  6] 6[1  5  2]
2: 1[2  3  4  5] 2[1  5  6] 3[1  6  5  4] 4[1  3  5] 5[1  4  3  6  2] 6[2  5  3]
3: 1[2  3  4] 2[1  5  3] 3[1  2  5  6  4] 4[1  3  6] 5[2  6  3] 6[3  5  4]
4: 1[2  3  4] 2[1  4  5] 3[1  5  6] 4[1  6  5  2] 5[2  4  6  3] 6[3  5  4]
5: 1[2  3  4] 2[1  4  5] 3[1  5  6] 4[1  6  2] 5[2  6  3] 6[3  5  4]
6: 1[2  3  4  5] 2[1  5  3  6] 3[1  6  2  5  4] 4[1  3  5] 5[1  4  3  2] 6[2  3]
7: 1[2  3  4] 2[1  5  3] 3[1  2  5  4] 4[1  3  5  6] 5[2  6  4  3] 6[4  5]
8: 1[2  3] 2[1  4  5  3] 3[1  2  5  6] 4[2  5] 5[2  4  6  3] 6[3  5]
9: 1[2  3  4] 2[1  5  4  3  6] 3[1  6  2  4] 4[1  3  2  5] 5[2  4] 6[2  3]
10: 1[2  3  4] 2[1  5  3  6] 3[1  6  2  4] 4[1  3  5] 5[2  4] 6[2  3]
11: 1[2  3  4] 2[1  5  4  3  6] 3[1  6  2] 4[1  2  5] 5[2  4] 6[2  3]
12: 1[2  3  4] 2[1  5  3  6] 3[1  6  2] 4[1  5] 5[2  4] 6[2  3]
13: 1[2  3  4] 2[1  5  6] 3[1  6] 4[1  5] 5[2  4] 6[2  3]
14: 1[2  3  4  5] 2[1  6  5  3] 3[1  2  4] 4[1  3  5] 5[1  4  2  6] 6[2  5]
15: 1[2  3  4  5] 2[1  6  5  4] 3[1  4] 4[1  3  2  5] 5[1  4  2  6] 6[2  5]
16: 1[2  3  4  5] 2[1  6  4  3] 3[1  2  4] 4[1  3  2  5] 5[1  4  6] 6[2  5]
17: 1[2  3  4] 2[1  5  3] 3[1  2  5  4] 4[1  3  6] 5[2  6  3] 6[4  5]
18: 1[2  3  4  5] 2[1  5  6] 3[1  6  4] 4[1  3  6  5] 5[1  4  6  2] 6[2  5  4  3]
19: 1[2  3  4  5  6] 2[1  6  3] 3[1  2  6  5  4] 4[1  3] 5[1  3  6] 6[1  5  3  2]
20: 1[2  3  4  5] 2[1  6  4  3] 3[1  2  4] 4[1  3  2  6  5] 5[1  4] 6[2  4]
21: 1[2  3  4] 2[1  5  3] 3[1  2  5  6  4] 4[1  3] 5[2  6  3] 6[3  5]
22: 1[2  3] 2[1  4  5  6  3] 3[1  2] 4[2  5] 5[2  4  6] 6[2  5]
23: 1[2  3  4  5] 2[1  4  6] 3[1  6  4] 4[1  3  6  2  5] 5[1  4] 6[2  4  3]
24: 1[2  3  4  5] 2[1  4  6] 3[1  6  4] 4[1  3  2  5] 5[1  4] 6[2  3]
25: 1[2  3  4] 2[1  5  6] 3[1  6] 4[1  6  5] 5[2  4] 6[2  4  3]
26: 1[2  3  4] 2[1  5  6  4  3] 3[1  2] 4[1  2  6] 5[2  6] 6[2  5  4]
27: 1[2  3] 2[1  4] 3[1  4  5] 4[2  6  5  3] 5[3  4  6] 6[4  5]
28: 1[2  3  4] 2[1  4] 3[1  5] 4[1  6  5  2] 5[3  4  6] 6[4  5]
29: 1[2  3  4] 2[1  4] 3[1  5] 4[1  6  2] 5[3  6] 6[4  5]
30: 1[2  3] 2[1  4] 3[1  5] 4[2  6] 5[3  6] 6[4  5]
31: 1[2  3  4] 2[1  5  6] 3[1  6] 4[1  6  5] 5[2  4  6] 6[2  5  4  3]
32: 1[2  3  4] 2[1  5] 3[1  6] 4[1  6  5] 5[2  4  6] 6[3  5  4]
33: 1[2  3  4  5] 2[1  6  3] 3[1  2  6  4] 4[1  3] 5[1  6] 6[2  5  3]
34: 1[2  3  4  5] 2[1  5  3  6] 3[1  6  2  5  4] 4[1  3] 5[1  3  2] 6[2  3]
35: 1[2  3  4  5] 2[1  5  3  6] 3[1  6  2  4] 4[1  3] 5[1  2] 6[2  3]
36: 1[2  3  4  5] 2[1  5  6] 3[1  6  4] 4[1  3] 5[1  2] 6[2  3]
37: 1[2  3  4  5] 2[1  5  6] 3[1  6] 4[1  6  5] 5[1  4  6  2] 6[2  5  4  3]
38: 1[2  3  4  5  6] 2[1  3] 3[1  2  6  5  4] 4[1  3] 5[1  3  6] 6[1  5  3]
39: 1[2  3  4  5] 2[1  6  4] 3[1  4] 4[1  3  2  6  5] 5[1  4] 6[2  4]
40: 1[2  3  4  5] 2[1  6] 3[1  4] 4[1  3  6  5] 5[1  4] 6[2  4]
41: 1[2  3  4  5  6] 2[1  4] 3[1  4] 4[1  3  2  6  5] 5[1  4] 6[1  4]
42: 1[2  3  4  5] 2[1  6] 3[1  6] 4[1  6] 5[1  6] 6[2  5  4  3]
43: 1[2  3  4  5  6] 2[1  6  3] 3[1  2  6  5  4] 4[1  3] 5[1  3] 6[1  3  2]
44: 1[2  3  4  5] 2[1  6  3] 3[1  2  6  5  4] 4[1  3] 5[1  3] 6[2  3]
45: 1[2  3  4] 2[1  5  6  4  3] 3[1  2] 4[1  2] 5[2  6] 6[2  5]
46: 1[2  3] 2[1  4] 3[1  4] 4[2  5  6  3] 5[4  6] 6[4  5]
47: 1[2  3  4  5] 2[1  3  6] 3[1  6  2  5  4] 4[1  3] 5[1  3] 6[2  3]
48: 1[2  3  4] 2[1  5] 3[1  5] 4[1  5  6] 5[2  6  4  3] 6[4  5]
49: 1[2  3  4  5] 2[1  5] 3[1  5] 4[1  6] 5[1  6  3  2] 6[4  5]
50: 1[2  3  4] 2[1  5] 3[1  5] 4[1  6] 5[2  6  3] 6[4  5]
51: 1[2  3  4  5] 2[1  5  6] 3[1  6] 4[1  6] 5[1  6  2] 6[2  5  4  3]
52: 1[2  3  4  5  6] 2[1  6  3] 3[1  2  6  5  4] 4[1  3  5] 5[1  4  3] 6[1  3  2]
53: 1[2  3  4  5] 2[1  5  6] 3[1  5  4] 4[1  3  5] 5[1  4  3  6  2] 6[2  5]
54: 1[2  3  4  5] 2[1  5  6] 3[1  4] 4[1  3  5] 5[1  4  6  2] 6[2  5]
55: 1[2  3  4] 2[1  4  3  5  6] 3[1  2  4] 4[1  3  2] 5[2  6] 6[2  5]
56: 1[2  3  4] 2[1  4  5  6] 3[1  4] 4[1  3  2] 5[2  6] 6[2  5]
57: 1[2  3] 2[1  3  4] 3[1  2] 4[2  5  6] 5[4  6] 6[4  5]
58: 1[2  3  4  5] 2[1  3  6] 3[1  6  2  5  4] 4[1  3  5] 5[1  4  3] 6[2  3]
59: 1[2  3  4  5] 2[1  6] 3[1  6  5  4] 4[1  3  5] 5[1  4  3] 6[2  3]
60: 1[2  3  4] 2[1  5  3] 3[1  2  5] 4[1  6] 5[2  6  3] 6[4  5]
61: 1[2  3  4] 2[1  5  3] 3[1  2  5] 4[1  5  6] 5[2  6  4  3] 6[4  5]
62: 1[2  3  4] 2[1  3] 3[1  2  5] 4[1  5  6] 5[3  6  4] 6[4  5]
63: 1[2  3  4  5] 2[1  6  5  3] 3[1  2  4] 4[1  3] 5[1  2  6] 6[2  5]
64: 1[2  3  4] 2[1  5  3] 3[1  2] 4[1  5  6] 5[2  6  4] 6[4  5]
65: 1[2  3  4  5] 2[1  3] 3[1  2] 4[1  5  6] 5[1  6  4] 6[4  5]
66: 1[2  3  4  5] 2[1  3] 3[1  2  5] 4[1  5  6] 5[1  6  4  3] 6[4  5]
67: 1[2  3  4  5] 2[1  5  6] 3[1  6  4] 4[1  3  6] 5[1  6  2] 6[2  5  4  3]
68: 1[2  3  4  5] 2[1  5  6  3] 3[1  2  6  4] 4[1  3  6  5] 5[1  4  6  2] 6[2  5  4  3]
